53810000
50970000
38350000
26940000
20870000
16470000
14260000
12740000
7900000
6150000
5710000
1690000
31000
7480000
1500000
400000
823000
40500
301000
1500000
90500
1830000
1200000
201000
1800000
552000
4090000
370000
11100000
246000
823000
12100
49000
33000
16600000
24800000
367000
550000
1000
368000
3350000
990000
450000
1500000
9900
6120000
673000
2740000
246500
2240000
1220000
11100100
201000
277300000
245500
74000
9910
1830000
16605000
111000
20400000
74000
1830000
2740000
1830000
180000
823000
1500000
673000
5000000
99999999
100000
1000000
823000
301000
135000
450000
2740000
7480000
1000000
2740000
9999
2240000
673000
3350000
135000
151000000
246000
3350000
5000000
90500
368000
551000
165000
1220000
37200000
135000
552000
10000
3350000